2
0
0 0 0
0.01 0 0
0.01 0.02 0
0.01
0 0 0
0.00998486 -0.000550043 0
0.0100297 0.0194499 0
0.02
0 0 0
0.00975752 -0.00218878 0
0.0104753 0.0177983 0
0.03
0 0 0
0.00878339 -0.00478038 0
0.0123806 0.0148935 0
0.04
0 0 0
0.00642765 -0.00766063 0
0.0169189 0.00936679 0
0.05
0 0 0
0.00318055 -0.00948072 0
0.0219596 -0.00259975 0
0.06
0 0 0
0.00160861 -0.00986977 0
0.0179215 -0.0214408 0
0.07
0 0 0
0.00329246 -0.00944244 0
-0.00514059 -0.0275776 0
0.08
0 0 0
0.00125057 -0.0099215 0
-0.0184281 -0.0134923 0
0.09
0 0 0
-0.00322515 -0.00946564 0
-0.0218607 -0.00220499 0
0.1
0 0 0
-0.00715945 -0.00698156 0
-0.0250886 0.00188095 0
0.11
0 0 0
-0.00951221 -0.0030851 0
-0.029349 -0.000535482 0
0.12
0 0 0
-0.0099072 0.00135922 0
-0.0279374 -0.00729589 0
0.13
0 0 0
-0.00926124 0.00377219 0
-0.0225477 -0.0111767 0
0.14
0 0 0
-0.00886892 0.00461977 0
-0.0158822 -0.0141103 0
0.15
0 0 0
-0.00916291 0.00400512 0
-0.00750283 -0.0159259 0
0.16
0 0 0
-0.00988368 0.00152083 0
0.00148321 -0.014935 0
0.17
0 0 0
-0.00962953 -0.00269671 0
0.00795468 -0.0122254 0
0.18
0 0 0
-0.00722512 -0.00691359 0
0.011784 -0.0131308 0
0.19
0 0 0
-0.00292167 -0.00956367 0
0.0137205 -0.0206559 0
0.2
0 0 0
0.00433155 -0.00901319 0
0.00443743 -0.0290129 0
0.21
0 0 0
0.00850175 -0.005265 0
-0.00374353 -0.0210781 0
0.22
0 0 0
0.00987149 -0.00159802 0
-0.00583227 -0.0139832 0
0.23
0 0 0
0.00987246 0.00159204 0
-0.00651718 -0.00987006 0
0.24
0 0 0
0.00925857 0.00377873 0
-0.00721653 -0.00756017 0
0.25
0 0 0
0.00876988 0.00480512 0
-0.00814197 -0.00587145 0
0.26
0 0 0
0.00876594 0.00481231 0
-0.00896659 -0.00443741 0
0.27
0 0 0
0.00923488 0.00383627 0
-0.00944404 -0.00331201 0
0.28
0 0 0
0.00985457 0.00169922 0
-0.00968284 -0.00257739 0
0.29
0 0 0
0.00985695 -0.00168538 0
-0.0101251 -0.00253246 0
0.3
0 0 0
0.00831598 -0.00555378 0
-0.0116606 -0.00458652 0
0.31
0 0 0
0.00523868 -0.008518 0
-0.0145817 -0.0111923 0
0.32
0 0 0
0.000509184 -0.00998703 0
-0.0144611 -0.0232494 0
0.33
0 0 0
-0.00642001 -0.00766704 0
1.76344e-006 -0.026608 0
0.34
0 0 0
-0.00897578 -0.00440856 0
0.00720497 -0.0161637 0
0.35
0 0 0
-0.00978251 -0.00207426 0
0.00987727 -0.00574759 0
0.36
0 0 0
-0.00994426 -0.00105439 0
0.00926253 0.00452229 0
0.37
0 0 0
-0.00995151 -0.000983548 0
0.00466767 0.0126649 0
0.38
0 0 0
-0.0098948 -0.00144667 0
-0.00225856 0.0170381 0
0.39
0 0 0
-0.00970794 -0.00239915 0
-0.0102493 0.0175935 0
0.4
0 0 0
-0.00928812 -0.00370552 0
-0.0186184 0.0139847 0
0.41
0 0 0
-0.0086797 -0.00496617 0
-0.0259842 0.00506148 0
0.42
0 0 0
-0.00835321 -0.00549762 0
-0.0277569 -0.0103449 0
0.43
0 0 0
-0.00815797 -0.00578338 0
-0.0159287 -0.0242121 0
0.44
0 0 0
-0.00595133 -0.00803627 0
-0.00211975 -0.0276658 0
0.45
0 0 0
-0.000837913 -0.00996483 0
0.00516684 -0.0290421 0
0.46
0 0 0
0.00559063 -0.00829125 0
0.00678419 -0.0282556 0
0.47
0 0 0
0.00879779 -0.00475382 0
0.0135342 -0.0241849 0
0.48
0 0 0
0.00970498 -0.00241111 0
0.0236779 -0.0167204 0
0.49
0 0 0
0.00970544 -0.00240922 0
0.0297003 -0.00286373 0
0.5
0 0 0
0.00958478 -0.00285168 0
0.0250914 0.00977942 0
0.51
0 0 0
0.00956738 -0.00290951 0
0.0160599 0.0160073 0
0.52
0 0 0
0.00954543 -0.00298073 0
0.00604724 0.016711 0
0.53
0 0 0
0.00946576 -0.00322482 0
-0.00332204 0.0121528 0
0.54
0 0 0
0.00923855 -0.00382741 0
-0.00974748 0.0024599 0
0.55
0 0 0
0.00839008 -0.00544119 0
-0.0111669 -0.00962737 0
0.56
0 0 0
0.00606636 -0.0079498 0
-0.00769861 -0.0224593 0
0.57
0 0 0
-0.000367035 -0.00999326 0
0.00734498 -0.0284466 0
0.58
0 0 0
-0.00542585 -0.00840001 0
0.0135161 -0.014819 0
0.59
0 0 0
-0.00791486 -0.00611188 0
0.011897 -0.00337511 0
0.6
0 0 0
-0.00917914 -0.00396779 0
0.00839594 0.00557771 0
0.61
0 0 0
-0.00965757 -0.00259448 0
0.00307122 0.0128321 0
0.62
0 0 0
-0.00981215 -0.00192919 0
-0.00398367 0.0172027 0
0.63
0 0 0
-0.00983234 -0.00182347 0
-0.0118249 0.018077 0
0.64
0 0 0
-0.00975779 -0.00218759 0
-0.0196573 0.0151905 0
0.65
0 0 0
-0.00959237 -0.00282602 0
-0.0264393 0.00795272 0
0.66
0 0 0
-0.00941601 -0.00336732 0
-0.029389 -0.00440662 0
0.67
0 0 0
-0.00908989 -0.0041682 0
-0.0234811 -0.0180568 0
0.68
0 0 0
-0.007486 -0.00663022 0
-0.0133505 -0.0257511 0
0.69
0 0 0
-0.00321323 -0.0094697 0
-0.00634314 -0.0292233 0
0.7
0 0 0
0.00276739 -0.00960945 0
-0.000662288 -0.0293132 0
0.71
0 0 0
0.00656062 -0.00754707 0
0.0107328 -0.027107 0
0.72
0 0 0
0.00788648 -0.00614845 0
0.0242443 -0.0176559 0
0.73
0 0 0
0.00855386 -0.00517991 0
0.0283744 -0.00250688 0
0.74
0 0 0
0.00932119 -0.00362153 0
0.0252248 0.00850592 0
0.75
0 0 0
0.00978297 -0.0020721 0
0.0202091 0.0149953 0
0.76
0 0 0
0.00994364 -0.00106015 0
0.0149161 0.0183119 0
0.77
0 0 0
0.00996632 -0.000820029 0
0.009608 0.0191768 0
0.78
0 0 0
0.00989846 -0.00142141 0
0.00448987 0.0178334 0
0.79
0 0 0
0.00955843 -0.00293879 0
8.4151e-005 0.0146748 0
0.8
0 0 0
0.00835471 -0.00549534 0
-0.00289778 0.0110389 0
0.81
0 0 0
0.00520427 -0.00853906 0
-0.00438545 0.00901193 0
0.82
0 0 0
0.000326331 -0.00999467 0
-0.00661101 0.00876361 0
0.83
0 0 0
-0.00385052 -0.00922895 0
-0.0131129 0.008497 0
0.84
0 0 0
-0.00675386 -0.00737464 0
-0.0226674 0.00473973 0
0.85
0 0 0
-0.00919266 -0.00393637 0
-0.0289801 -0.0068443 0
0.86
0 0 0
-0.00999949 0.000101167 0
-0.0188681 -0.017825 0
0.87
0 0 0
-0.00997474 0.000710327 0
-0.00483021 -0.0186167 0
0.88
0 0 0
-0.0098365 -0.00180092 0
0.0075508 -0.0116843 0
0.89
0 0 0
-0.00761479 -0.0064819 0
0.0114997 -0.000596585 0
0.9
0 0 0
-0.00251271 -0.00967917 0
0.0101497 0.00580186 0
0.91
0 0 0
0.00268094 -0.00963393 0
0.0126469 0.00770618 0
0.92
0 0 0
0.00620751 -0.00784008 0
0.0202852 0.00636624 0
0.93
0 0 0
0.00873248 -0.00487277 0
0.0283681 -0.00107229 0
0.94
0 0 0
0.00999692 -0.00024824 0
0.0243564 -0.0141696 0
0.95
0 0 0
0.00987908 0.00155044 0
0.0119769 -0.0183392 0
0.96
0 0 0
0.00998656 0.000518281 0
-0.00125567 -0.0160229 0
0.97
0 0 0
0.0094122 -0.00337794 0
-0.0102568 -0.0070017 0
0.98
0 0 0
0.00604743 -0.00796421 0
-0.0114595 0.00170571 0
0.99
0 0 0
0.000799999 -0.00996795 0
-0.0125979 0.00488121 0
1
0 0 0
-0.00365248 -0.0093091 0
-0.0189366 0.00359037 0
