#1
char Aclass(3,11)
Atrajectory
1.1
 

char name(34,19)
Time
resistor.R
resistor.T_ref
resistor.alpha
resistor.v
resistor.i
resistor.p.v
resistor.p.i
resistor.n.v
resistor.n.i
resistor.T
resistor.LossPower
resistor.T_heatPort
resistor.R_actual
inductor.v
inductor.i
inductor.der(i)
inductor.p.v
inductor.p.i
inductor.n.v
inductor.n.i
inductor.L
ground.p.v
ground.p.i
signalVoltage.p.v
signalVoltage.p.i
signalVoltage.n.v
signalVoltage.n.i
signalVoltage.v
signalVoltage.i
step.height
step.y
step.offset
step.startTime

char description(34,90)
Time in [s]
Resistance at temperature T_ref [Ohm]
Reference temperature [K|degC]
Temperature coefficient of resistance (R_actual = R*(1 + alpha*(T_heatPort - T_ref)) [1/K]
Voltage drop between the two pins (= p.v - n.v) [V]
Current flowing from pin p to pin n [A]
Potential at the pin [V]
Current flowing into the pin [A]
Potential at the pin [V]
Current flowing into the pin [A]
Fixed device temperature if useHeatPort = false [K|degC]
Loss power leaving component via heatPort [W]
Temperature of heatPort [K|degC]
Actual resistance = R*(1 + alpha*(T_heatPort - T_ref)) [Ohm]
Voltage drop between the two pins (= p.v - n.v) [V]
Current flowing from pin p to pin n [A]
der(Current flowing from pin p to pin n) [A/s]
Potential at the pin [V]
Current flowing into the pin [A]
Potential at the pin [V]
Current flowing into the pin [A]
Inductance [H]
Potential at the pin [V]
Current flowing into the pin [A]
Potential at the pin [V]
Current flowing into the pin [A]
Potential at the pin [V]
Current flowing into the pin [A]
Voltage between pin p and n (= p.v - n.v) as input signal [V]
Current flowing from pin p to pin n [A]
Height of step
Connector of Real output signal [V]
Offset of output signal y
Output y = offset for time < startTime [s]


# Matrix with 4 columns defining the data of the signals:
#
# dataInfo(i,1)=    j: name i data is stored in matrix "data_j".
#                      (1,1)=0, means that name(1) is used as abscissa
#                      for ALL data matrices!
#
# dataInfo(i,2)=    k: name i data is stored in column abs(k) of matrix
#                      data_j with sign(k) used as sign.
#
# dataInfo(i,3)=    0: Linear interpolation of the column data
#              = 1..4: Piecewise convex hermite spline interpolation
#                      of the column data. Curve is differentiable upto
#                      order 1..4. The spline is defined by a polygon.
#                      It touches the polygon in the middle of every segment
#                      and at the beginning and final point. Between such
#                      points the spline is convex. The polygon is also the
#                      convex envelope of the spline.
#
# dataInfo(i,4)=   -1: name i is not defined outside of the defined time range
#              =    0: Keep first/last value outside of time range
#              =    1: Linear interpolation through first/last two points outside
#                      of time range.
#
int dataInfo(34,4)
   0   1   0  -1   # Time
   1   2   0   0   # resistor.R
   1   3   0   0   # resistor.T_ref
   1   4   0   0   # resistor.alpha
   2   2   0  -1   # resistor.v
   2   6   0  -1   # resistor.i
   2   3   0  -1   # resistor.p.v
   2   6   0  -1   # resistor.p.i
   2   4   0  -1   # resistor.n.v
   2  -6   0  -1   # resistor.n.i
   1   5   0   0   # resistor.T
   2   5   0  -1   # resistor.LossPower
   1   5   0   0   # resistor.T_heatPort
   1   6   0   0   # resistor.R_actual
   2   4   0  -1   # inductor.v
   2   6   0  -1   # inductor.i
   2   7   0  -1   # inductor.der(i)
   2   4   0  -1   # inductor.p.v
   2   6   0  -1   # inductor.p.i
   1   7   0   0   # inductor.n.v
   2  -6   0  -1   # inductor.n.i
   1   8   0   0   # inductor.L
   1   9   0   0   # ground.p.v
   1  10   0   0   # ground.p.i
   2   3   0  -1   # signalVoltage.p.v
   2  -6   0  -1   # signalVoltage.p.i
   1  11   0   0   # signalVoltage.n.v
   2   6   0  -1   # signalVoltage.n.i
   2   3   0  -1   # signalVoltage.v
   2  -6   0  -1   # signalVoltage.i
   1  12   0   0   # step.height
   2   3   0  -1   # step.y
   1  13   0   0   # step.offset
   1  14   0   0   # step.startTime

float data_1(2,14)
       0              2        3.0014999E+002       0        3.0014999E+002
           2              0        1.0000000E-003       0              0       
           0              1              0        3.0000000E-003
 9.9999998E-003       2        3.0014999E+002       0        3.0014999E+002
           2              0        1.0000000E-003       0              0       
           0              1              0        3.0000000E-003

float data_2(503,7)                            
 0.0000000E+000 2.0000000E+000 0.0000000E+000 -2.0000000E+000 2.0000000E+000
     1.0000000E+000 -2.0000000E+003
 1.9999999E-005 1.9215747E+000 0.0000000E+000 -1.9215747E+000 1.8462248E+000
     9.6078736E-001 -1.9215747E+003
 3.9999999E-005 1.8462006E+000 0.0000000E+000 -1.8462006E+000 1.7042283E+000
     9.2310029E-001 -1.8462006E+003
 5.9999998E-005 1.7737728E+000 0.0000000E+000 -1.7737728E+000 1.5731350E+000
     8.8688642E-001 -1.7737728E+003
 7.9999998E-005 1.7041838E+000 0.0000000E+000 -1.7041838E+000 1.4521213E+000
     8.5209191E-001 -1.7041838E+003
 9.9999997E-005 1.6373240E+000 0.0000000E+000 -1.6373240E+000 1.3404149E+000
     8.1866199E-001 -1.6373240E+003
 1.2000000E-004 1.5730997E+000 0.0000000E+000 -1.5730997E+000 1.2373214E+000
     7.8654987E-001 -1.5730997E+003
 1.4000000E-004 1.5114092E+000 0.0000000E+000 -1.5114092E+000 1.1421788E+000
     7.5570458E-001 -1.5114092E+003
 1.6000000E-004 1.4521484E+000 0.0000000E+000 -1.4521484E+000 1.0543675E+000
     7.2607422E-001 -1.4521484E+003
 1.8000000E-004 1.3952137E+000 0.0000000E+000 -1.3952137E+000 9.7331065E-001
     6.9760686E-001 -1.3952137E+003
 1.9999999E-004 1.3405157E+000 0.0000000E+000 -1.3405157E+000 8.9849120E-001
     6.7025787E-001 -1.3405157E+003
 2.2000000E-004 1.2879604E+000 0.0000000E+000 -1.2879604E+000 8.2942104E-001
     6.4398021E-001 -1.2879604E+003
 2.3999999E-004 1.2374657E+000 0.0000000E+000 -1.2374657E+000 7.6566076E-001
     6.1873287E-001 -1.2374658E+003
 2.6000000E-004 1.1889493E+000 0.0000000E+000 -1.1889493E+000 7.0680034E-001
     5.9447467E-001 -1.1889493E+003
 2.8000001E-004 1.1423342E+000 0.0000000E+000 -1.1423342E+000 6.5246373E-001
     5.7116711E-001 -1.1423342E+003
 3.0000001E-004 1.0975466E+000 0.0000000E+000 -1.0975466E+000 6.0230416E-001
     5.4877329E-001 -1.0975465E+003
 3.1999999E-004 1.0545115E+000 0.0000000E+000 -1.0545115E+000 5.5599731E-001
     5.2725577E-001 -1.0545116E+003
 3.4000000E-004 1.0131627E+000 0.0000000E+000 -1.0131627E+000 5.1324940E-001
     5.0658137E-001 -1.0131628E+003
 3.6000001E-004 9.7343189E-001 0.0000000E+000 -9.7343189E-001 4.7378480E-001
     4.8671594E-001 -9.7343188E+002
 3.8000001E-004 9.3525475E-001 0.0000000E+000 -9.3525475E-001 4.3735072E-001
     4.6762738E-001 -9.3525476E+002
 3.9999999E-004 8.9857185E-001 0.0000000E+000 -8.9857185E-001 4.0371567E-001
     4.4928592E-001 -8.9857184E+002
 4.2000000E-004 8.6332703E-001 0.0000000E+000 -8.6332703E-001 3.7266675E-001
     4.3166351E-001 -8.6332703E+002
 4.4000000E-004 8.2946509E-001 0.0000000E+000 -8.2946509E-001 3.4400618E-001
     4.1473255E-001 -8.2946509E+002
 4.6000001E-004 7.9693490E-001 0.0000000E+000 -7.9693490E-001 3.1755263E-001
     3.9846745E-001 -7.9693494E+002
 4.7999999E-004 7.6568210E-001 0.0000000E+000 -7.6568210E-001 2.9313454E-001
     3.8284105E-001 -7.6568207E+002
 5.0000002E-004 7.3565036E-001 0.0000000E+000 -7.3565036E-001 2.7059072E-001
     3.6782518E-001 -7.3565033E+002
 5.2000000E-004 7.0679712E-001 0.0000000E+000 -7.0679712E-001 2.4978107E-001
     3.5339856E-001 -7.0679712E+002
 5.3999998E-004 6.7907727E-001 0.0000000E+000 -6.7907727E-001 2.3057297E-001
     3.3953863E-001 -6.7907727E+002
 5.6000001E-004 6.5244591E-001 0.0000000E+000 -6.5244591E-001 2.1284282E-001
     3.2622296E-001 -6.5244586E+002
 5.7999999E-004 6.2685668E-001 0.0000000E+000 -6.2685668E-001 1.9647467E-001
     3.1342834E-001 -6.2685669E+002
 6.0000003E-004 6.0227174E-001 0.0000000E+000 -6.0227174E-001 1.8136562E-001
     3.0113587E-001 -6.0227173E+002
 6.2000001E-004 5.7865244E-001 0.0000000E+000 -5.7865244E-001 1.6741933E-001
     2.8932622E-001 -5.7865247E+002
 6.3999998E-004 5.5596095E-001 0.0000000E+000 -5.5596095E-001 1.5454629E-001
     2.7798048E-001 -5.5596094E+002
 6.6000002E-004 5.3415692E-001 0.0000000E+000 -5.3415692E-001 1.4266182E-001
     2.6707846E-001 -5.3415692E+002
 6.8000000E-004 5.1320827E-001 0.0000000E+000 -5.1320827E-001 1.3169137E-001
     2.5660414E-001 -5.1320825E+002
 6.9999998E-004 4.9308205E-001 0.0000000E+000 -4.9308205E-001 1.2156495E-001
     2.4654102E-001 -4.9308206E+002
 7.2000001E-004 4.7374642E-001 0.0000000E+000 -4.7374642E-001 1.1221784E-001
     2.3687321E-001 -4.7374643E+002
 7.3999999E-004 4.5516673E-001 0.0000000E+000 -4.5516673E-001 1.0358837E-001
     2.2758336E-001 -4.5516672E+002
 7.6000002E-004 4.3731570E-001 0.0000000E+000 -4.3731570E-001 9.5622502E-002
     2.1865785E-001 -4.3731567E+002
 7.8000000E-004 4.2016539E-001 0.0000000E+000 -4.2016539E-001 8.8269480E-002
     2.1008269E-001 -4.2016541E+002
 7.9999998E-004 4.0368918E-001 0.0000000E+000 -4.0368918E-001 8.1482477E-002
     2.0184459E-001 -4.0368918E+002
 8.2000002E-004 3.8785791E-001 0.0000000E+000 -3.8785791E-001 7.5216874E-002
     1.9392896E-001 -3.8785791E+002
 8.3999999E-004 3.7264782E-001 0.0000000E+000 -3.7264782E-001 6.9433197E-002
     1.8632391E-001 -3.7264783E+002
 8.5999997E-004 3.5803476E-001 0.0000000E+000 -3.5803476E-001 6.4094447E-002
     1.7901738E-001 -3.5803476E+002
 8.8000001E-004 3.4399551E-001 0.0000000E+000 -3.4399551E-001 5.9166458E-002
     1.7199776E-001 -3.4399551E+002
 8.9999998E-004 3.3050728E-001 0.0000000E+000 -3.3050728E-001 5.4617535E-002
     1.6525364E-001 -3.3050729E+002
 9.2000002E-004 3.1754863E-001 0.0000000E+000 -3.1754863E-001 5.0418563E-002
     1.5877432E-001 -3.1754861E+002
 9.4000000E-004 3.0509868E-001 0.0000000E+000 -3.0509868E-001 4.6542604E-002
     1.5254934E-001 -3.0509869E+002
 9.5999998E-004 2.9313737E-001 0.0000000E+000 -2.9313737E-001 4.2964760E-002
     1.4656869E-001 -2.9313736E+002
 9.8000001E-004 2.8164521E-001 0.0000000E+000 -2.8164521E-001 3.9662011E-002
     1.4082260E-001 -2.8164520E+002
 1.0000000E-003 2.7060339E-001 0.0000000E+000 -2.7060339E-001 3.6613096E-002
     1.3530169E-001 -2.7060336E+002
 1.0200000E-003 2.5999361E-001 0.0000000E+000 -2.5999361E-001 3.3798337E-002
     1.2999681E-001 -2.5999359E+002
 1.0400000E-003 2.4979812E-001 0.0000000E+000 -2.4979812E-001 3.1199550E-002
     1.2489906E-001 -2.4979813E+002
 1.0600000E-003 2.4000525E-001 0.0000000E+000 -2.4000525E-001 2.8801262E-002
     1.2000263E-001 -2.4000526E+002
 1.0800000E-003 2.3059830E-001 0.0000000E+000 -2.3059830E-001 2.6587788E-002
     1.1529915E-001 -2.3059830E+002
 1.1000000E-003 2.2156104E-001 0.0000000E+000 -2.2156104E-001 2.4544647E-002
     1.1078052E-001 -2.2156104E+002
 1.1200000E-003 2.1287903E-001 0.0000000E+000 -2.1287903E-001 2.2658739E-002
     1.0643952E-001 -2.1287903E+002
 1.1399999E-003 2.0453835E-001 0.0000000E+000 -2.0453835E-001 2.0917969E-002
     1.0226917E-001 -2.0453835E+002
 1.1600000E-003 1.9652562E-001 0.0000000E+000 -1.9652562E-001 1.9311158E-002
     9.8262809E-002 -1.9652560E+002
 1.1800000E-003 1.8882787E-001 0.0000000E+000 -1.8882787E-001 1.7827982E-002
     9.4413936E-002 -1.8882787E+002
 1.2000001E-003 1.8143263E-001 0.0000000E+000 -1.8143263E-001 1.6458901E-002
     9.0716317E-002 -1.8143263E+002
 1.2200000E-003 1.7432816E-001 0.0000000E+000 -1.7432816E-001 1.5195155E-002
     8.7164082E-002 -1.7432817E+002
 1.2400000E-003 1.6750291E-001 0.0000000E+000 -1.6750291E-001 1.4028612E-002
     8.3751455E-002 -1.6750290E+002
 1.2600000E-003 1.6094540E-001 0.0000000E+000 -1.6094540E-001 1.2951710E-002
     8.0472700E-002 -1.6094539E+002
 1.2800000E-003 1.5464468E-001 0.0000000E+000 -1.5464468E-001 1.1957490E-002
     7.7322342E-002 -1.5464468E+002
 1.3000000E-003 1.4859013E-001 0.0000000E+000 -1.4859013E-001 1.1039513E-002
     7.4295066E-002 -1.4859013E+002
 1.3200000E-003 1.4277132E-001 0.0000000E+000 -1.4277132E-001 1.0191824E-002
     7.1385659E-002 -1.4277132E+002
 1.3400000E-003 1.3717808E-001 0.0000000E+000 -1.3717808E-001 9.4089126E-003
     6.8589039E-002 -1.3717809E+002
 1.3600000E-003 1.3180214E-001 0.0000000E+000 -1.3180214E-001 8.6859027E-003
     6.5901071E-002 -1.3180214E+002
 1.3800000E-003 1.2664115E-001 0.0000000E+000 -1.2664115E-001 8.0189919E-003
     6.3320577E-002 -1.2664116E+002
 1.4000000E-003 1.2168205E-001 0.0000000E+000 -1.2168205E-001 7.4032601E-003
     6.0841024E-002 -1.2168204E+002
 1.4200000E-003 1.1691672E-001 0.0000000E+000 -1.1691672E-001 6.8347598E-003
     5.8458362E-002 -1.1691673E+002
 1.4400000E-003 1.1233739E-001 0.0000000E+000 -1.1233739E-001 6.3098446E-003
     5.6168694E-002 -1.1233739E+002
 1.4600001E-003 1.0793651E-001 0.0000000E+000 -1.0793651E-001 5.8251447E-003
     5.3968254E-002 -1.0793651E+002
 1.4800000E-003 1.0370676E-001 0.0000000E+000 -1.0370676E-001 5.3775460E-003
     5.1853381E-002 -1.0370676E+002
 1.5000000E-003 9.9641062E-002 0.0000000E+000 -9.9641062E-002 4.9641705E-003
     4.9820531E-002 -9.9641060E+001
 1.5200000E-003 9.5735908E-002 0.0000000E+000 -9.5735908E-002 4.5826817E-003
     4.7867954E-002 -9.5735909E+001
 1.5400000E-003 9.1983937E-002 0.0000000E+000 -9.1983937E-002 4.2305226E-003
     4.5991968E-002 -9.1983940E+001
 1.5600000E-003 8.8378713E-002 0.0000000E+000 -8.8378713E-002 3.9053985E-003
     4.4189356E-002 -8.8378716E+001
 1.5800000E-003 8.4914513E-002 0.0000000E+000 -8.4914513E-002 3.6052372E-003
     4.2457256E-002 -8.4914513E+001
 1.6000000E-003 8.1585817E-002 0.0000000E+000 -8.1585817E-002 3.3281229E-003
     4.0792909E-002 -8.1585815E+001
 1.6200000E-003 7.8387313E-002 0.0000000E+000 -7.8387313E-002 3.0722853E-003
     3.9193656E-002 -7.8387314E+001
 1.6400000E-003 7.5313851E-002 0.0000000E+000 -7.5313851E-002 2.8360880E-003
     3.7656926E-002 -7.5313850E+001
 1.6600000E-003 7.2360948E-002 0.0000000E+000 -7.2360948E-002 2.6180532E-003
     3.6180474E-002 -7.2360947E+001
 1.6800000E-003 6.9524296E-002 0.0000000E+000 -6.9524296E-002 2.4168137E-003
     3.4762148E-002 -6.9524292E+001
 1.7000000E-003 6.6798963E-002 0.0000000E+000 -6.6798963E-002 2.2310505E-003
     3.3399481E-002 -6.6798958E+001
 1.7199999E-003 6.4180568E-002 0.0000000E+000 -6.4180568E-002 2.0595726E-003
     3.2090284E-002 -6.4180565E+001
 1.7400000E-003 6.1664879E-002 0.0000000E+000 -6.1664879E-002 1.9012787E-003
     3.0832440E-002 -6.1664883E+001
 1.7600000E-003 5.9247777E-002 0.0000000E+000 -5.9247777E-002 1.7551496E-003
     2.9623888E-002 -5.9247780E+001
 1.7800000E-003 5.6925248E-002 0.0000000E+000 -5.6925248E-002 1.6202419E-003
     2.8462624E-002 -5.6925247E+001
 1.8000000E-003 5.4693524E-002 0.0000000E+000 -5.4693524E-002 1.4956907E-003
     2.7346762E-002 -5.4693523E+001
 1.8200000E-003 5.2550655E-002 0.0000000E+000 -5.2550655E-002 1.3807857E-003
     2.6275327E-002 -5.2550655E+001
 1.8400000E-003 5.0492045E-002 0.0000000E+000 -5.0492045E-002 1.2747233E-003
     2.5246022E-002 -5.0492046E+001
 1.8600000E-003 4.8514307E-002 0.0000000E+000 -4.8514307E-002 1.1768190E-003
     2.4257153E-002 -4.8514305E+001
 1.8800000E-003 4.6614129E-002 0.0000000E+000 -4.6614129E-002 1.0864385E-003
     2.3307065E-002 -4.6614128E+001
 1.9000000E-003 4.4788290E-002 0.0000000E+000 -4.4788290E-002 1.0029954E-003
     2.2394145E-002 -4.4788288E+001
 1.9200000E-003 4.3033626E-002 0.0000000E+000 -4.3033626E-002 9.2594646E-004
     2.1516813E-002 -4.3033627E+001
 1.9400000E-003 4.1347034E-002 0.0000000E+000 -4.1347034E-002 8.5478858E-004
     2.0673517E-002 -4.1347034E+001
 1.9600000E-003 3.9727431E-002 0.0000000E+000 -3.9727431E-002 7.8913436E-004
     1.9863715E-002 -3.9727432E+001
 1.9799999E-003 3.8171947E-002 0.0000000E+000 -3.8171947E-002 7.2854880E-004
     1.9085974E-002 -3.8171947E+001
 2.0000001E-003 3.6677439E-002 0.0000000E+000 -3.6677439E-002 6.7261729E-004
     1.8338719E-002 -3.6677441E+001
 2.0200000E-003 3.5241418E-002 0.0000000E+000 -3.5241418E-002 6.2097877E-004
     1.7620709E-002 -3.5241417E+001
 2.0399999E-003 3.3861466E-002 0.0000000E+000 -3.3861466E-002 5.7329942E-004
     1.6930733E-002 -3.3861465E+001
 2.0600001E-003 3.2535225E-002 0.0000000E+000 -3.2535225E-002 5.2927044E-004
     1.6267613E-002 -3.2535225E+001
 2.0800000E-003 3.1260405E-002 0.0000000E+000 -3.1260405E-002 4.8860646E-004
     1.5630202E-002 -3.1260405E+001
 2.0999999E-003 3.0035321E-002 0.0000000E+000 -3.0035321E-002 4.5106024E-004
     1.5017660E-002 -3.0035320E+001
 2.1200001E-003 2.8858928E-002 0.0000000E+000 -2.8858928E-002 4.1641886E-004
     1.4429464E-002 -2.8858927E+001
 2.1400000E-003 2.7728533E-002 0.0000000E+000 -2.7728533E-002 3.8443576E-004
     1.3864267E-002 -2.7728533E+001
 2.1599999E-003 2.6642313E-002 0.0000000E+000 -2.6642313E-002 3.5490643E-004
     1.3321157E-002 -2.6642313E+001
 2.1800001E-003 2.5598515E-002 0.0000000E+000 -2.5598515E-002 3.2764196E-004
     1.2799257E-002 -2.5598515E+001
 2.2000000E-003 2.4595441E-002 0.0000000E+000 -2.4595441E-002 3.0246787E-004
     1.2297721E-002 -2.4595442E+001
 2.2199999E-003 2.3631463E-002 0.0000000E+000 -2.3631463E-002 2.7922302E-004
     1.1815731E-002 -2.3631462E+001
 2.2400001E-003 2.2704998E-002 0.0000000E+000 -2.2704998E-002 2.5775848E-004
     1.1352499E-002 -2.2704998E+001
 2.2600000E-003 2.1815067E-002 0.0000000E+000 -2.1815067E-002 2.3794858E-004
     1.0907534E-002 -2.1815067E+001
 2.2799999E-003 2.0959968E-002 0.0000000E+000 -2.0959968E-002 2.1966014E-004
     1.0479984E-002 -2.0959969E+001
 2.3000001E-003 2.0138338E-002 0.0000000E+000 -2.0138338E-002 2.0277635E-004
     1.0069169E-002 -2.0138340E+001
 2.3200000E-003 1.9348877E-002 0.0000000E+000 -1.9348877E-002 1.8718952E-004
     9.6744383E-003 -1.9348877E+001
 2.3399999E-003 1.8590327E-002 0.0000000E+000 -1.8590327E-002 1.7280014E-004
     9.2951637E-003 -1.8590328E+001
 2.3600000E-003 1.7861480E-002 0.0000000E+000 -1.7861480E-002 1.5951625E-004
     8.9307399E-003 -1.7861481E+001
 2.3800000E-003 1.7161164E-002 0.0000000E+000 -1.7161164E-002 1.4725279E-004
     8.5805822E-003 -1.7161165E+001
 2.4000001E-003 1.6488370E-002 0.0000000E+000 -1.6488370E-002 1.3593318E-004
     8.2441848E-003 -1.6488371E+001
 2.4200000E-003 1.5842050E-002 0.0000000E+000 -1.5842050E-002 1.2548527E-004
     7.9210252E-003 -1.5842050E+001
 2.4400000E-003 1.5221107E-002 0.0000000E+000 -1.5221107E-002 1.1584105E-004
     7.6105534E-003 -1.5221107E+001
 2.4600001E-003 1.4624540E-002 0.0000000E+000 -1.4624540E-002 1.0693858E-004
     7.3122699E-003 -1.4624539E+001
 2.4800000E-003 1.4051371E-002 0.0000000E+000 -1.4051371E-002 9.8720520E-005
     7.0256856E-003 -1.4051372E+001
 2.4999999E-003 1.3500653E-002 0.0000000E+000 -1.3500653E-002 9.1133821E-005
     6.7503266E-003 -1.3500653E+001
 2.5200001E-003 1.2971460E-002 0.0000000E+000 -1.2971460E-002 8.4129380E-005
     6.4857299E-003 -1.2971459E+001
 2.5400000E-003 1.2463050E-002 0.0000000E+000 -1.2463050E-002 7.7663812E-005
     6.2315250E-003 -1.2463050E+001
 2.5599999E-003 1.1975202E-002 0.0000000E+000 -1.1975202E-002 7.1702729E-005
     5.9876009E-003 -1.1975202E+001
 2.5800001E-003 1.1506740E-002 0.0000000E+000 -1.1506740E-002 6.6202534E-005
     5.7533700E-003 -1.1506741E+001
 2.6000000E-003 1.1056941E-002 0.0000000E+000 -1.1056941E-002 6.1127968E-005
     5.5284705E-003 -1.1056941E+001
 2.6199999E-003 1.0625106E-002 0.0000000E+000 -1.0625106E-002 5.6446443E-005
     5.3125531E-003 -1.0625107E+001
 2.6400001E-003 1.0210564E-002 0.0000000E+000 -1.0210564E-002 5.2127813E-005
     5.1052822E-003 -1.0210565E+001
 2.6600000E-003 9.8126652E-003 0.0000000E+000 -9.8126652E-003 4.8144200E-005
     4.9063326E-003 -9.8126650E+000
 2.6799999E-003 9.4307819E-003 0.0000000E+000 -9.4307819E-003 4.4469820E-005
     4.7153910E-003 -9.4307814E+000
 2.7000001E-003 9.0643046E-003 0.0000000E+000 -9.0643046E-003 4.1080810E-005
     4.5321523E-003 -9.0643044E+000
 2.7200000E-003 8.7126438E-003 0.0000000E+000 -8.7126438E-003 3.7955080E-005
     4.3563219E-003 -8.7126436E+000
 2.7399999E-003 8.3752237E-003 0.0000000E+000 -8.3752237E-003 3.5072186E-005
     4.1876119E-003 -8.3752241E+000
 2.7600001E-003 8.0514830E-003 0.0000000E+000 -8.0514830E-003 3.2413187E-005
     4.0257415E-003 -8.0514832E+000
 2.7800000E-003 7.7408710E-003 0.0000000E+000 -7.7408710E-003 2.9960544E-005
     3.8704355E-003 -7.7408710E+000
 2.7999999E-003 7.4428488E-003 0.0000000E+000 -7.4428488E-003 2.7698001E-005
     3.7214244E-003 -7.4428492E+000
 2.8200001E-003 7.1568843E-003 0.0000000E+000 -7.1568843E-003 2.5610496E-005
     3.5784421E-003 -7.1568842E+000
 2.8400000E-003 6.8822163E-003 0.0000000E+000 -6.8822163E-003 2.3682451E-005
     3.4411082E-003 -6.8822165E+000
 2.8599999E-003 6.6181784E-003 0.0000000E+000 -6.6181784E-003 2.1900143E-005
     3.3090892E-003 -6.6181784E+000
 2.8800000E-003 6.3644284E-003 0.0000000E+000 -6.3644284E-003 2.0252975E-005
     3.1822142E-003 -6.3644285E+000
 2.9000000E-003 6.1204121E-003 0.0000000E+000 -6.1204121E-003 1.8729723E-005
     3.0602061E-003 -6.1204123E+000
 2.9200001E-003 5.8855694E-003 0.0000000E+000 -5.8855694E-003 1.7319962E-005
     2.9427847E-003 -5.8855691E+000
 2.9400000E-003 5.6593330E-003 0.0000000E+000 -5.6593330E-003 1.6014024E-005
     2.8296665E-003 -5.6593332E+000
 2.9600000E-003 5.4411273E-003 0.0000000E+000 -5.4411273E-003 1.4802932E-005
     2.7205637E-003 -5.4411273E+000
 2.9800001E-003 5.2303644E-003 0.0000000E+000 -5.2303644E-003 1.3678356E-005
     2.6151822E-003 -5.2303643E+000
 3.0000000E-003 5.0264443E-003 0.0000000E+000 -5.0264443E-003 1.2632570E-005
     2.5132222E-003 -5.0264440E+000
 3.0000000E-003 5.0264443E-003 1.0000000E+000 9.9497354E-001 1.2632570E-005
     2.5132222E-003 9.9497357E+002
 3.0199999E-003 4.4041976E-002 1.0000000E+000 9.5595801E-001 9.6984790E-004
     2.2020988E-002 9.5595801E+002
 3.0400001E-003 8.1539623E-002 1.0000000E+000 9.1846037E-001 3.3243548E-003
     4.0769812E-002 9.1846039E+002
 3.0600000E-003 1.1757147E-001 1.0000000E+000 8.8242853E-001 6.9115250E-003
     5.8785733E-002 8.8242853E+002
 3.0799999E-003 1.5219107E-001 1.0000000E+000 8.4780890E-001 1.1581062E-002
     7.6095536E-002 8.4780890E+002
 3.1000001E-003 1.8545298E-001 1.0000000E+000 8.1454700E-001 1.7196406E-002
     9.2726491E-002 8.1454700E+002
 3.1200000E-003 2.1740369E-001 1.0000000E+000 7.8259629E-001 2.3632184E-002
     1.0870185E-001 7.8259631E+002
 3.1399999E-003 2.4809393E-001 1.0000000E+000 7.5190604E-001 3.0775299E-002
     1.2404697E-001 7.5190607E+002
 3.1600001E-003 2.7757534E-001 1.0000000E+000 7.2242463E-001 3.8524035E-002
     1.3878767E-001 7.2242468E+002
 3.1800000E-003 3.0589962E-001 1.0000000E+000 6.9410038E-001 4.6787288E-002
     1.5294981E-001 6.9410040E+002
 3.1999999E-003 3.3311114E-001 1.0000000E+000 6.6688883E-001 5.5481516E-002
     1.6655557E-001 6.6688885E+002
 3.2200001E-003 3.5925671E-001 1.0000000E+000 6.4074326E-001 6.4532697E-002
     1.7962836E-001 6.4074329E+002
 3.2400000E-003 3.8437715E-001 1.0000000E+000 6.1562288E-001 7.3872894E-002
     1.9218858E-001 6.1562286E+002
 3.2599999E-003 4.0851340E-001 1.0000000E+000 5.9148663E-001 8.3441600E-002
     2.0425670E-001 5.9148663E+002
 3.2800001E-003 4.3170384E-001 1.0000000E+000 5.6829613E-001 9.3184099E-002
     2.1585192E-001 5.6829614E+002
 3.3000000E-003 4.5398512E-001 1.0000000E+000 5.4601490E-001 1.0305125E-001
     2.2699256E-001 5.4601489E+002
 3.3199999E-003 4.7539446E-001 1.0000000E+000 5.2460557E-001 1.1299994E-001
     2.3769723E-001 5.2460553E+002
 3.3400001E-003 4.9596491E-001 1.0000000E+000 5.0403506E-001 1.2299060E-001
     2.4798246E-001 5.0403510E+002
 3.3600000E-003 5.1573050E-001 1.0000000E+000 4.8426950E-001 1.3298897E-001
     2.5786525E-001 4.8426950E+002
 3.3799999E-003 5.3472310E-001 1.0000000E+000 4.6527687E-001 1.4296441E-001
     2.6736155E-001 4.6527689E+002
 3.4000000E-003 5.5297238E-001 1.0000000E+000 4.4702759E-001 1.5288924E-001
     2.7648619E-001 4.4702762E+002
 3.4200000E-003 5.7050622E-001 1.0000000E+000 4.2949376E-001 1.6273868E-001
     2.8525311E-001 4.2949377E+002
 3.4399999E-003 5.8735210E-001 1.0000000E+000 4.1264793E-001 1.7249122E-001
     2.9367605E-001 4.1264792E+002
 3.4600000E-003 6.0353541E-001 1.0000000E+000 3.9646459E-001 1.8212749E-001
     3.0176771E-001 3.9646460E+002
 3.4800000E-003 6.1908329E-001 1.0000000E+000 3.8091671E-001 1.9163206E-001
     3.0954164E-001 3.8091672E+002
 3.5000001E-003 6.3402367E-001 1.0000000E+000 3.6597633E-001 2.0099302E-001
     3.1701183E-001 3.6597632E+002
 3.5200000E-003 6.4837778E-001 1.0000000E+000 3.5162222E-001 2.1019688E-001
     3.2418889E-001 3.5162222E+002
 3.5399999E-003 6.6216803E-001 1.0000000E+000 3.3783197E-001 2.1923326E-001
     3.3108401E-001 3.3783197E+002
 3.5600001E-003 6.7541683E-001 1.0000000E+000 3.2458320E-001 2.2809392E-001
     3.3770841E-001 3.2458319E+002
 3.5800000E-003 6.8814707E-001 1.0000000E+000 3.1185293E-001 2.3677319E-001
     3.4407353E-001 3.1185294E+002
 3.5999999E-003 7.0037776E-001 1.0000000E+000 2.9962224E-001 2.4526452E-001
     3.5018888E-001 2.9962222E+002
 3.6200001E-003 7.1212804E-001 1.0000000E+000 2.8787193E-001 2.5356320E-001
     3.5606402E-001 2.8787195E+002
 3.6400000E-003 7.2341681E-001 1.0000000E+000 2.7658322E-001 2.6166591E-001
     3.6170840E-001 2.7658322E+002
 3.6599999E-003 7.3426396E-001 1.0000000E+000 2.6573601E-001 2.6957181E-001
     3.6713198E-001 2.6573602E+002
 3.6800001E-003 7.4468565E-001 1.0000000E+000 2.5531432E-001 2.7727836E-001
     3.7234282E-001 2.5531433E+002
 3.7000000E-003 7.5469822E-001 1.0000000E+000 2.4530180E-001 2.8478467E-001
     3.7734911E-001 2.4530180E+002
 3.7199999E-003 7.6431739E-001 1.0000000E+000 2.3568259E-001 2.9209056E-001
     3.8215870E-001 2.3568259E+002
 3.7400001E-003 7.7356058E-001 1.0000000E+000 2.2643943E-001 2.9919797E-001
     3.8678029E-001 2.2643942E+002
 3.7600000E-003 7.8244120E-001 1.0000000E+000 2.1755877E-001 3.0610713E-001
     3.9122060E-001 2.1755878E+002
 3.7799999E-003 7.9097325E-001 1.0000000E+000 2.0902672E-001 3.1281936E-001
     3.9548662E-001 2.0902673E+002
 3.8000001E-003 7.9916996E-001 1.0000000E+000 2.0083003E-001 3.1933632E-001
     3.9958498E-001 2.0083003E+002
 3.8200000E-003 8.0704588E-001 1.0000000E+000 1.9295414E-001 3.2566151E-001
     4.0352294E-001 1.9295413E+002
 3.8399999E-003 8.1461275E-001 1.0000000E+000 1.8538724E-001 3.3179697E-001
     4.0730637E-001 1.8538724E+002
 3.8600001E-003 8.2188272E-001 1.0000000E+000 1.7811728E-001 3.3774561E-001
     4.1094136E-001 1.7811728E+002
 3.8800000E-003 8.2886732E-001 1.0000000E+000 1.7113270E-001 3.4351051E-001
     4.1443366E-001 1.7113271E+002
 3.8999999E-003 8.3557761E-001 1.0000000E+000 1.6442236E-001 3.4909499E-001
     4.1778880E-001 1.6442236E+002
 3.9200000E-003 8.4202439E-001 1.0000000E+000 1.5797558E-001 3.5450256E-001
     4.2101219E-001 1.5797559E+002
 3.9400002E-003 8.4821796E-001 1.0000000E+000 1.5178207E-001 3.5973683E-001
     4.2410898E-001 1.5178206E+002
 3.9599999E-003 8.5416812E-001 1.0000000E+000 1.4583188E-001 3.6480159E-001
     4.2708406E-001 1.4583188E+002
 3.9800000E-003 8.5988438E-001 1.0000000E+000 1.4011562E-001 3.6970058E-001
     4.2994219E-001 1.4011562E+002
 4.0000002E-003 8.6537600E-001 1.0000000E+000 1.3462403E-001 3.7443778E-001
     4.3268800E-001 1.3462404E+002
 4.0199999E-003 8.7065178E-001 1.0000000E+000 1.2934822E-001 3.7901726E-001
     4.3532589E-001 1.2934822E+002
 4.0400000E-003 8.7572044E-001 1.0000000E+000 1.2427959E-001 3.8344312E-001
     4.3786022E-001 1.2427959E+002
 4.0600002E-003 8.8059020E-001 1.0000000E+000 1.1940981E-001 3.8771954E-001
     4.4029510E-001 1.1940981E+002
 4.0799999E-003 8.8526922E-001 1.0000000E+000 1.1473079E-001 3.9185080E-001
     4.4263461E-001 1.1473079E+002
 4.1000000E-003 8.8976532E-001 1.0000000E+000 1.1023467E-001 3.9584118E-001
     4.4488266E-001 1.1023467E+002
 4.1200002E-003 8.9408618E-001 1.0000000E+000 1.0591379E-001 3.9969507E-001
     4.4704309E-001 1.0591379E+002
 4.1399999E-003 8.9823610E-001 1.0000000E+000 1.0176392E-001 4.0341404E-001
     4.4911805E-001 1.0176392E+002
 4.1600000E-003 9.0222174E-001 1.0000000E+000 9.7778261E-002 4.0700203E-001
     4.5111087E-001 9.7778259E+001
 4.1800002E-003 9.0605086E-001 1.0000000E+000 9.3949154E-002 4.1046408E-001
     4.5302543E-001 9.3949158E+001
 4.1999999E-003 9.0972966E-001 1.0000000E+000 9.0270348E-002 4.1380402E-001
     4.5486483E-001 9.0270348E+001
 4.2200000E-003 9.1326421E-001 1.0000000E+000 8.6735763E-002 4.1702577E-001
     4.5663211E-001 8.6735764E+001
 4.2400002E-003 9.1666049E-001 1.0000000E+000 8.3339527E-002 4.2013320E-001
     4.5833024E-001 8.3339531E+001
 4.2599998E-003 9.1992408E-001 1.0000000E+000 8.0075912E-002 4.2313015E-001
     4.5996204E-001 8.0075912E+001
 4.2800000E-003 9.2306066E-001 1.0000000E+000 7.6939352E-002 4.2602047E-001
     4.6153033E-001 7.6939354E+001
 4.3000001E-003 9.2607385E-001 1.0000000E+000 7.3926166E-002 4.2880636E-001
     4.6303692E-001 7.3926170E+001
 4.3199998E-003 9.2896742E-001 1.0000000E+000 7.1032584E-002 4.3149024E-001
     4.6448371E-001 7.1032578E+001
 4.3400000E-003 9.3174756E-001 1.0000000E+000 6.8252437E-002 4.3407676E-001
     4.6587378E-001 6.8252434E+001
 4.3600001E-003 9.3441886E-001 1.0000000E+000 6.5581150E-002 4.3656930E-001
     4.6720943E-001 6.5581154E+001
 4.3799998E-003 9.3698567E-001 1.0000000E+000 6.3014306E-002 4.3897110E-001
     4.6849284E-001 6.3014305E+001
 4.4000000E-003 9.3945241E-001 1.0000000E+000 6.0547583E-002 4.4128543E-001
     4.6972620E-001 6.0547585E+001
 4.4200001E-003 9.4182318E-001 1.0000000E+000 5.8176797E-002 4.4351548E-001
     4.7091159E-001 5.8176796E+001
 4.4399998E-003 9.4410217E-001 1.0000000E+000 5.5897858E-002 4.4566444E-001
     4.7205108E-001 5.5897858E+001
 4.4600000E-003 9.4629222E-001 1.0000000E+000 5.3707782E-002 4.4773448E-001
     4.7314611E-001 5.3707783E+001
 4.4800001E-003 9.4839478E-001 1.0000000E+000 5.1605251E-002 4.4972631E-001
     4.7419739E-001 5.1605251E+001
 4.4999998E-003 9.5041502E-001 1.0000000E+000 4.9585007E-002 4.5164433E-001
     4.7520751E-001 4.9585007E+001
 4.5200000E-003 9.5235622E-001 1.0000000E+000 4.7643777E-002 4.5349118E-001
     4.7617811E-001 4.7643776E+001
 4.5400001E-003 9.5422161E-001 1.0000000E+000 4.5778394E-002 4.5526943E-001
     4.7711080E-001 4.5778393E+001
 4.5599998E-003 9.5601422E-001 1.0000000E+000 4.3985784E-002 4.5698160E-001
     4.7800711E-001 4.3985783E+001
 4.5799999E-003 9.5773703E-001 1.0000000E+000 4.2262971E-002 4.5863011E-001
     4.7886851E-001 4.2262974E+001
 4.6000001E-003 9.5939296E-001 1.0000000E+000 4.0607061E-002 4.6021742E-001
     4.7969648E-001 4.0607059E+001
 4.6199998E-003 9.6098459E-001 1.0000000E+000 3.9015427E-002 4.6174568E-001
     4.8049229E-001 3.9015427E+001
 4.6399999E-003 9.6251261E-001 1.0000000E+000 3.7487403E-002 4.6321526E-001
     4.8125631E-001 3.7487404E+001
 4.6600001E-003 9.6398079E-001 1.0000000E+000 3.6019228E-002 4.6462947E-001
     4.8199040E-001 3.6019230E+001
 4.6799998E-003 9.6539146E-001 1.0000000E+000 3.4608547E-002 4.6599033E-001
     4.8269573E-001 3.4608543E+001
 4.6999999E-003 9.6674693E-001 1.0000000E+000 3.3253066E-002 4.6729982E-001
     4.8337346E-001 3.3253067E+001
 4.7200001E-003 9.6804941E-001 1.0000000E+000 3.1950582E-002 4.6855983E-001
     4.8402470E-001 3.1950581E+001
 4.7399998E-003 9.6930104E-001 1.0000000E+000 3.0698935E-002 4.6977228E-001
     4.8465052E-001 3.0698935E+001
 4.7599999E-003 9.7050399E-001 1.0000000E+000 2.9496029E-002 4.7093898E-001
     4.8525199E-001 2.9496029E+001
 4.7800001E-003 9.7166020E-001 1.0000000E+000 2.8339818E-002 4.7206175E-001
     4.8583010E-001 2.8339819E+001
 4.8000002E-003 9.7277015E-001 1.0000000E+000 2.7229821E-002 4.7314093E-001
     4.8638508E-001 2.7229820E+001
 4.8199999E-003 9.7383648E-001 1.0000000E+000 2.6163505E-002 4.7417876E-001
     4.8691824E-001 2.6163506E+001
 4.8400001E-003 9.7486097E-001 1.0000000E+000 2.5139030E-002 4.7517696E-001
     4.8743048E-001 2.5139029E+001
 4.8600002E-003 9.7584528E-001 1.0000000E+000 2.4154710E-002 4.7613701E-001
     4.8792264E-001 2.4154711E+001
 4.8799999E-003 9.7679108E-001 1.0000000E+000 2.3208912E-002 4.7706041E-001
     4.8839554E-001 2.3208912E+001
 4.9000001E-003 9.7769994E-001 1.0000000E+000 2.2300035E-002 4.7794861E-001
     4.8884997E-001 2.2300035E+001
 4.9200002E-003 9.7857350E-001 1.0000000E+000 2.1426516E-002 4.7880304E-001
     4.8928675E-001 2.1426517E+001
 4.9399999E-003 9.7941315E-001 1.0000000E+000 2.0586820E-002 4.7962508E-001
     4.8970658E-001 2.0586821E+001
 4.9600000E-003 9.8021936E-001 1.0000000E+000 1.9780613E-002 4.8041502E-001
     4.9010968E-001 1.9780615E+001
 4.9800002E-003 9.8099357E-001 1.0000000E+000 1.9006414E-002 4.8117420E-001
     4.9049678E-001 1.9006414E+001
 4.9999999E-003 9.8173743E-001 1.0000000E+000 1.8262593E-002 4.8190418E-001
     4.9086872E-001 1.8262592E+001
 5.0200000E-003 9.8245209E-001 1.0000000E+000 1.7547917E-002 4.8260605E-001
     4.9122605E-001 1.7547916E+001
 5.0400002E-003 9.8313880E-001 1.0000000E+000 1.6861182E-002 4.8328096E-001
     4.9156940E-001 1.6861181E+001
 5.0599999E-003 9.8379880E-001 1.0000000E+000 1.6201213E-002 4.8393002E-001
     4.9189940E-001 1.6201212E+001
 5.0800000E-003 9.8443311E-001 1.0000000E+000 1.5566858E-002 4.8455429E-001
     4.9221656E-001 1.5566858E+001
 5.1000002E-003 9.8504299E-001 1.0000000E+000 1.4956987E-002 4.8515487E-001
     4.9252149E-001 1.4956987E+001
 5.1199999E-003 9.8562884E-001 1.0000000E+000 1.4371184E-002 4.8573208E-001
     4.9281442E-001 1.4371183E+001
 5.1400000E-003 9.8619121E-001 1.0000000E+000 1.3808802E-002 4.8628655E-001
     4.9309561E-001 1.3808802E+001
 5.1600002E-003 9.8673153E-001 1.0000000E+000 1.3268444E-002 4.8681960E-001
     4.9336576E-001 1.3268444E+001
 5.1799999E-003 9.8725080E-001 1.0000000E+000 1.2749220E-002 4.8733205E-001
     4.9362540E-001 1.2749221E+001
 5.2000000E-003 9.8774976E-001 1.0000000E+000 1.2250271E-002 4.8782477E-001
     4.9387488E-001 1.2250271E+001
 5.2200002E-003 9.8822927E-001 1.0000000E+000 1.1770755E-002 4.8829854E-001
     4.9411464E-001 1.1770755E+001
 5.2399999E-003 9.8869014E-001 1.0000000E+000 1.1309857E-002 4.8875409E-001
     4.9434507E-001 1.1309857E+001
 5.2600000E-003 9.8913324E-001 1.0000000E+000 1.0866782E-002 4.8919225E-001
     4.9456662E-001 1.0866781E+001
 5.2800002E-003 9.8955899E-001 1.0000000E+000 1.0440990E-002 4.8961350E-001
     4.9477950E-001 1.0440990E+001
 5.2999998E-003 9.8996776E-001 1.0000000E+000 1.0032217E-002 4.9001810E-001
     4.9498388E-001 1.0032217E+001
 5.3200000E-003 9.9036056E-001 1.0000000E+000 9.6394317E-003 4.9040702E-001
     4.9518028E-001 9.6394320E+000
 5.3400001E-003 9.9073797E-001 1.0000000E+000 9.2620030E-003 4.9078089E-001
     4.9536899E-001 9.2620029E+000
 5.3599998E-003 9.9110067E-001 1.0000000E+000 8.8993181E-003 4.9114028E-001
     4.9555033E-001 8.8993187E+000
 5.3800000E-003 9.9144924E-001 1.0000000E+000 8.5507846E-003 4.9148577E-001
     4.9572462E-001 8.5507851E+000
 5.4000001E-003 9.9178416E-001 1.0000000E+000 8.2158279E-003 4.9181792E-001
     4.9589208E-001 8.2158279E+000
 5.4199998E-003 9.9210614E-001 1.0000000E+000 7.8938901E-003 4.9213725E-001
     4.9605307E-001 7.8938899E+000
 5.4400000E-003 9.9241555E-001 1.0000000E+000 7.5844740E-003 4.9244428E-001
     4.9620777E-001 7.5844741E+000
 5.4600001E-003 9.9271262E-001 1.0000000E+000 7.2873905E-003 4.9273917E-001
     4.9635631E-001 7.2873907E+000
 5.4799998E-003 9.9299806E-001 1.0000000E+000 7.0019462E-003 4.9302256E-001
     4.9649903E-001 7.0019464E+000
 5.5000000E-003 9.9327230E-001 1.0000000E+000 6.7276834E-003 4.9329495E-001
     4.9663615E-001 6.7276835E+000
 5.5200001E-003 9.9353582E-001 1.0000000E+000 6.4641582E-003 4.9355674E-001
     4.9676791E-001 6.4641581E+000
 5.5399998E-003 9.9378908E-001 1.0000000E+000 6.2109400E-003 4.9380836E-001
     4.9689454E-001 6.2109404E+000
 5.5600000E-003 9.9403238E-001 1.0000000E+000 5.9676110E-003 4.9405020E-001
     4.9701619E-001 5.9676113E+000
 5.5800001E-003 9.9426621E-001 1.0000000E+000 5.7337633E-003 4.9428266E-001
     4.9713311E-001 5.7337637E+000
 5.5999998E-003 9.9449098E-001 1.0000000E+000 5.5089984E-003 4.9450618E-001
     4.9724549E-001 5.5089984E+000
 5.6200000E-003 9.9470657E-001 1.0000000E+000 5.2934000E-003 4.9472061E-001
     4.9735329E-001 5.2933998E+000
 5.6400001E-003 9.9491364E-001 1.0000000E+000 5.0863815E-003 4.9492654E-001
     4.9745682E-001 5.0863819E+000
 5.6599998E-003 9.9511242E-001 1.0000000E+000 4.8876097E-003 4.9512434E-001
     4.9755621E-001 4.8876095E+000
 5.6799999E-003 9.9530321E-001 1.0000000E+000 4.6967799E-003 4.9531424E-001
     4.9765161E-001 4.6967797E+000
 5.7000001E-003 9.9548638E-001 1.0000000E+000 4.5135999E-003 4.9549660E-001
     4.9774319E-001 4.5135999E+000
 5.7199998E-003 9.9566221E-001 1.0000000E+000 4.3377881E-003 4.9567163E-001
     4.9783111E-001 4.3377881E+000
 5.7399999E-003 9.9583095E-001 1.0000000E+000 4.1690720E-003 4.9583963E-001
     4.9791548E-001 4.1690717E+000
 5.7600001E-003 9.9599284E-001 1.0000000E+000 4.0071877E-003 4.9600083E-001
     4.9799642E-001 4.0071874E+000
 5.7799998E-003 9.9614811E-001 1.0000000E+000 3.8518792E-003 4.9615553E-001
     4.9807405E-001 3.8518791E+000
 5.7999999E-003 9.9629712E-001 1.0000000E+000 3.7028980E-003 4.9630395E-001
     4.9814856E-001 3.7028980E+000
 5.8200001E-003 9.9643999E-001 1.0000000E+000 3.5600010E-003 4.9644634E-001
     4.9822000E-001 3.5600011E+000
 5.8400002E-003 9.9657702E-001 1.0000000E+000 3.4229511E-003 4.9658290E-001
     4.9828851E-001 3.4229512E+000
 5.8599999E-003 9.9670851E-001 1.0000000E+000 3.2915149E-003 4.9671391E-001
     4.9835426E-001 3.2915151E+000
 5.8800001E-003 9.9683452E-001 1.0000000E+000 3.1654632E-003 4.9683955E-001
     4.9841726E-001 3.1654632E+000
 5.9000002E-003 9.9695545E-001 1.0000000E+000 3.0445687E-003 4.9696007E-001
     4.9847773E-001 3.0445688E+000
 5.9199999E-003 9.9707139E-001 1.0000000E+000 2.9286065E-003 4.9707568E-001
     4.9853569E-001 2.9286065E+000
 5.9400001E-003 9.9718237E-001 1.0000000E+000 2.8176229E-003 4.9718633E-001
     4.9859118E-001 2.8176227E+000
 5.9600002E-003 9.9728853E-001 1.0000000E+000 2.7114484E-003 4.9729222E-001
     4.9864426E-001 2.7114482E+000
 5.9799999E-003 9.9739027E-001 1.0000000E+000 2.6097086E-003 4.9739370E-001
     4.9869514E-001 2.6097085E+000
 6.0000001E-003 9.9748778E-001 1.0000000E+000 2.5122047E-003 4.9749094E-001
     4.9874389E-001 2.5122049E+000
 6.0200002E-003 9.9758124E-001 1.0000000E+000 2.4187386E-003 4.9758419E-001
     4.9879062E-001 2.4187384E+000
 6.0399999E-003 9.9767089E-001 1.0000000E+000 2.3291099E-003 4.9767360E-001
     4.9883544E-001 2.3291099E+000
 6.0600000E-003 9.9775690E-001 1.0000000E+000 2.2431184E-003 4.9775940E-001
     4.9887845E-001 2.2431183E+000
 6.0800002E-003 9.9783945E-001 1.0000000E+000 2.1605601E-003 4.9784178E-001
     4.9891973E-001 2.1605601E+000
 6.0999999E-003 9.9791878E-001 1.0000000E+000 2.0812289E-003 4.9792093E-001
     4.9895939E-001 2.0812287E+000
 6.1200000E-003 9.9799508E-001 1.0000000E+000 2.0049140E-003 4.9799711E-001
     4.9899754E-001 2.0049140E+000
 6.1400002E-003 9.9806857E-001 1.0000000E+000 1.9314009E-003 4.9807048E-001
     4.9903429E-001 1.9314008E+000
 6.1599999E-003 9.9813956E-001 1.0000000E+000 1.8604686E-003 4.9814126E-001
     4.9906978E-001 1.8604686E+000
 6.1800000E-003 9.9820811E-001 1.0000000E+000 1.7918909E-003 4.9820971E-001
     4.9910405E-001 1.7918910E+000
 6.2000002E-003 9.9827456E-001 1.0000000E+000 1.7254343E-003 4.9827605E-001
     4.9913728E-001 1.7254343E+000
 6.2199999E-003 9.9833912E-001 1.0000000E+000 1.6608575E-003 4.9834052E-001
     4.9916956E-001 1.6608574E+000
 6.2400000E-003 9.9840212E-001 1.0000000E+000 1.5979107E-003 4.9840337E-001
     4.9920106E-001 1.5979106E+000
 6.2600002E-003 9.9846286E-001 1.0000000E+000 1.5371471E-003 4.9846405E-001
     4.9923143E-001 1.5371472E+000
 6.2799999E-003 9.9851817E-001 1.0000000E+000 1.4818015E-003 4.9851930E-001
     4.9925908E-001 1.4818015E+000
 6.3000000E-003 9.9857134E-001 1.0000000E+000 1.4286528E-003 4.9857238E-001
     4.9928567E-001 1.4286528E+000
 6.3200002E-003 9.9862242E-001 1.0000000E+000 1.3775986E-003 4.9862334E-001
     4.9931121E-001 1.3775986E+000
 6.3399998E-003 9.9867147E-001 1.0000000E+000 1.3285388E-003 4.9867234E-001
     4.9933574E-001 1.3285388E+000
 6.3600000E-003 9.9871862E-001 1.0000000E+000 1.2813745E-003 4.9871945E-001
     4.9935931E-001 1.2813745E+000
 6.3800002E-003 9.9876398E-001 1.0000000E+000 1.2360085E-003 4.9876475E-001
     4.9938199E-001 1.2360085E+000
 6.3999998E-003 9.9880767E-001 1.0000000E+000 1.1923448E-003 4.9880835E-001
     4.9940383E-001 1.1923448E+000
 6.4200000E-003 9.9884969E-001 1.0000000E+000 1.1502880E-003 4.9885038E-001
     4.9942484E-001 1.1502880E+000
 6.4400001E-003 9.9889028E-001 1.0000000E+000 1.1097434E-003 4.9889088E-001
     4.9944514E-001 1.1097434E+000
 6.4599998E-003 9.9892938E-001 1.0000000E+000 1.0706162E-003 4.9892995E-001
     4.9946469E-001 1.0706162E+000
 6.4800000E-003 9.9896717E-001 1.0000000E+000 1.0328121E-003 4.9896771E-001
     4.9948359E-001 1.0328120E+000
 6.5000001E-003 9.9900377E-001 1.0000000E+000 9.9623587E-004 4.9900427E-001
     4.9950188E-001 9.9623585E-001
 6.5199998E-003 9.9903923E-001 1.0000000E+000 9.6079207E-004 4.9903968E-001
     4.9951962E-001 9.6079206E-001
 6.5400000E-003 9.9907362E-001 1.0000000E+000 9.2638418E-004 4.9907404E-001
     4.9953681E-001 9.2638415E-001
 6.5600001E-003 9.9910706E-001 1.0000000E+000 8.9291437E-004 4.9910748E-001
     4.9955353E-001 8.9291441E-001
 6.5799998E-003 9.9913973E-001 1.0000000E+000 8.6028344E-004 4.9914008E-001
     4.9956986E-001 8.6028349E-001
 6.6000000E-003 9.9917096E-001 1.0000000E+000 8.2901807E-004 4.9917132E-001
     4.9958548E-001 8.2901806E-001
 6.6200001E-003 9.9920118E-001 1.0000000E+000 7.9884048E-004 4.9920148E-001
     4.9960059E-001 7.9884046E-001
 6.6399998E-003 9.9923044E-001 1.0000000E+000 7.6958432E-004 4.9923071E-001
     4.9961522E-001 7.6958430E-001
 6.6600000E-003 9.9925876E-001 1.0000000E+000 7.4121455E-004 4.9925905E-001
     4.9962938E-001 7.4121457E-001
 6.6800001E-003 9.9928629E-001 1.0000000E+000 7.1370037E-004 4.9928656E-001
     4.9964315E-001 7.1370035E-001
 6.6999998E-003 9.9931300E-001 1.0000000E+000 6.8701501E-004 4.9931324E-001
     4.9965650E-001 6.8701506E-001
 6.7199999E-003 9.9933887E-001 1.0000000E+000 6.6113612E-004 4.9933907E-001
     4.9966943E-001 6.6113609E-001
 6.7400001E-003 9.9936396E-001 1.0000000E+000 6.3604530E-004 4.9936417E-001
     4.9968198E-001 6.3604528E-001
 6.7599998E-003 9.9938828E-001 1.0000000E+000 6.1172835E-004 4.9938846E-001
     4.9969414E-001 6.1172837E-001
 6.7799999E-003 9.9941182E-001 1.0000000E+000 5.8817538E-004 4.9941200E-001
     4.9970591E-001 5.8817542E-001
 6.8000001E-003 9.9943459E-001 1.0000000E+000 5.6538056E-004 4.9943477E-001
     4.9971730E-001 5.6538057E-001
 6.8199998E-003 9.9945664E-001 1.0000000E+000 5.4334226E-004 4.9945679E-001
     4.9972832E-001 5.4334229E-001
 6.8399999E-003 9.9947792E-001 1.0000000E+000 5.2206306E-004 4.9947807E-001
     4.9973896E-001 5.2206308E-001
 6.8600001E-003 9.9949843E-001 1.0000000E+000 5.0154963E-004 4.9949858E-001
     4.9974921E-001 5.0154960E-001
 6.8799998E-003 9.9951822E-001 1.0000000E+000 4.8181289E-004 4.9951831E-001
     4.9975911E-001 4.8181289E-001
 6.8999999E-003 9.9953711E-001 1.0000000E+000 4.6286790E-004 4.9953723E-001
     4.9976856E-001 4.6286792E-001
 6.9200001E-003 9.9955583E-001 1.0000000E+000 4.4419419E-004 4.9955592E-001
     4.9977791E-001 4.4419417E-001
 6.9400002E-003 9.9957460E-001 1.0000000E+000 4.2539209E-004 4.9957469E-001
     4.9978730E-001 4.2539209E-001
 6.9599999E-003 9.9959284E-001 1.0000000E+000 4.0713506E-004 4.9959296E-001
     4.9979642E-001 4.0713507E-001
 6.9800001E-003 9.9961060E-001 1.0000000E+000 3.8942508E-004 4.9961066E-001
     4.9980530E-001 3.8942507E-001
 7.0000002E-003 9.9962771E-001 1.0000000E+000 3.7226715E-004 4.9962780E-001
     4.9981385E-001 3.7226716E-001
 7.0199999E-003 9.9964434E-001 1.0000000E+000 3.5566938E-004 4.9964440E-001
     4.9982217E-001 3.5566938E-001
 7.0400001E-003 9.9966037E-001 1.0000000E+000 3.3964289E-004 4.9966040E-001
     4.9983019E-001 3.3964291E-001
 7.0600002E-003 9.9967581E-001 1.0000000E+000 3.2420192E-004 4.9967584E-001
     4.9983791E-001 3.2420191E-001
 7.0799999E-003 9.9969065E-001 1.0000000E+000 3.0936362E-004 4.9969068E-001
     4.9984533E-001 3.0936360E-001
 7.1000000E-003 9.9970484E-001 1.0000000E+000 2.9514832E-004 4.9970490E-001
     4.9985242E-001 2.9514831E-001
 7.1200002E-003 9.9971843E-001 1.0000000E+000 2.8157936E-004 4.9971846E-001
     4.9985921E-001 2.8157935E-001
 7.1399999E-003 9.9973130E-001 1.0000000E+000 2.6868310E-004 4.9973136E-001
     4.9986565E-001 2.6868311E-001
 7.1600000E-003 9.9974352E-001 1.0000000E+000 2.5648900E-004 4.9974355E-001
     4.9987176E-001 2.5648901E-001
 7.1800002E-003 9.9975497E-001 1.0000000E+000 2.4502954E-004 4.9975500E-001
     4.9987748E-001 2.4502955E-001
 7.1999999E-003 9.9976563E-001 1.0000000E+000 2.3434026E-004 4.9976569E-001
     4.9988282E-001 2.3434027E-001
 7.2200000E-003 9.9977553E-001 1.0000000E+000 2.2445973E-004 4.9977556E-001
     4.9988776E-001 2.2445972E-001
 7.2400002E-003 9.9978465E-001 1.0000000E+000 2.1535726E-004 4.9978468E-001
     4.9989232E-001 2.1535726E-001
 7.2599999E-003 9.9979526E-001 1.0000000E+000 2.0476933E-004 4.9979526E-001
     4.9989763E-001 2.0476933E-001
 7.2800000E-003 9.9980539E-001 1.0000000E+000 1.9458393E-004 4.9980542E-001
     4.9990270E-001 1.9458394E-001
 7.3000002E-003 9.9981523E-001 1.0000000E+000 1.8480002E-004 4.9981523E-001
     4.9990761E-001 1.8480003E-001
 7.3199999E-003 9.9982458E-001 1.0000000E+000 1.7541760E-004 4.9982458E-001
     4.9991229E-001 1.7541760E-001
 7.3400000E-003 9.9983358E-001 1.0000000E+000 1.6643773E-004 4.9983358E-001
     4.9991679E-001 1.6643773E-001
 7.3600002E-003 9.9984217E-001 1.0000000E+000 1.5786254E-004 4.9984214E-001
     4.9992108E-001 1.5786253E-001
 7.3799998E-003 9.9985033E-001 1.0000000E+000 1.4969522E-004 4.9985030E-001
     4.9992517E-001 1.4969522E-001
 7.4000000E-003 9.9985808E-001 1.0000000E+000 1.4194004E-004 4.9985808E-001
     4.9992904E-001 1.4194003E-001
 7.4200002E-003 9.9986541E-001 1.0000000E+000 1.3460231E-004 4.9986541E-001
     4.9993271E-001 1.3460231E-001
 7.4399998E-003 9.9987233E-001 1.0000000E+000 1.2768841E-004 4.9987233E-001
     4.9993616E-001 1.2768841E-001
 7.4600000E-003 9.9987882E-001 1.0000000E+000 1.2120583E-004 4.9987879E-001
     4.9993941E-001 1.2120582E-001
 7.4800001E-003 9.9988484E-001 1.0000000E+000 1.1516304E-004 4.9988484E-001
     4.9994242E-001 1.1516304E-001
 7.4999998E-003 9.9989045E-001 1.0000000E+000 1.0956965E-004 4.9989045E-001
     4.9994522E-001 1.0956965E-001
 7.5200000E-003 9.9989557E-001 1.0000000E+000 1.0443629E-004 4.9989557E-001
     4.9994779E-001 1.0443629E-001
 7.5400001E-003 9.9990022E-001 1.0000000E+000 9.9774668E-005 4.9990022E-001
     4.9995011E-001 9.9774674E-002
 7.5599998E-003 9.9990439E-001 1.0000000E+000 9.5597563E-005 4.9990439E-001
     4.9995220E-001 9.5597565E-002
 7.5800000E-003 9.9990880E-001 1.0000000E+000 9.1194415E-005 4.9990880E-001
     4.9995440E-001 9.1194414E-002
 7.6000001E-003 9.9991328E-001 1.0000000E+000 8.6700995E-005 4.9991331E-001
     4.9995664E-001 8.6700991E-002
 7.6199998E-003 9.9991757E-001 1.0000000E+000 8.2457016E-005 4.9991754E-001
     4.9995878E-001 8.2457013E-002
 7.6400000E-003 9.9992156E-001 1.0000000E+000 7.8452562E-005 4.9992156E-001
     4.9996078E-001 7.8452557E-002
 7.6600001E-003 9.9992532E-001 1.0000000E+000 7.4677693E-005 4.9992532E-001
     4.9996266E-001 7.4677691E-002
 7.6799998E-003 9.9992889E-001 1.0000000E+000 7.1122493E-005 4.9992889E-001
     4.9996445E-001 7.1122490E-002
 7.7000000E-003 9.9993223E-001 1.0000000E+000 6.7777022E-005 4.9993223E-001
     4.9996611E-001 6.7777023E-002
 7.7200001E-003 9.9993539E-001 1.0000000E+000 6.4631364E-005 4.9993536E-001
     4.9996769E-001 6.4631365E-002
 7.7399998E-003 9.9993831E-001 1.0000000E+000 6.1675586E-005 4.9993834E-001
     4.9996915E-001 6.1675586E-002
 7.7599999E-003 9.9994111E-001 1.0000000E+000 5.8899757E-005 4.9994111E-001
     4.9997056E-001 5.8899757E-002
 7.7800001E-003 9.9994373E-001 1.0000000E+000 5.6293957E-005 4.9994370E-001
     4.9997187E-001 5.6293957E-002
 7.7999998E-003 9.9994618E-001 1.0000000E+000 5.3848253E-005 4.9994615E-001
     4.9997309E-001 5.3848252E-002
 7.8199999E-003 9.9994844E-001 1.0000000E+000 5.1552717E-005 4.9994844E-001
     4.9997422E-001 5.1552717E-002
 7.8400001E-003 9.9995059E-001 1.0000000E+000 4.9397422E-005 4.9995062E-001
     4.9997529E-001 4.9397424E-002
 7.8600002E-003 9.9995261E-001 1.0000000E+000 4.7372443E-005 4.9995261E-001
     4.9997631E-001 4.7372442E-002
 7.8800004E-003 9.9995452E-001 1.0000000E+000 4.5467848E-005 4.9995452E-001
     4.9997726E-001 4.5467846E-002
 7.8999996E-003 9.9995625E-001 1.0000000E+000 4.3736818E-005 4.9995625E-001
     4.9997813E-001 4.3736819E-002
 7.9199998E-003 9.9995768E-001 1.0000000E+000 4.2309119E-005 4.9995768E-001
     4.9997884E-001 4.2309117E-002
 7.9399999E-003 9.9995899E-001 1.0000000E+000 4.1017873E-005 4.9995899E-001
     4.9997950E-001 4.1017871E-002
 7.9600001E-003 9.9996012E-001 1.0000000E+000 3.9855753E-005 4.9996015E-001
     4.9998006E-001 3.9855752E-002
 7.9800002E-003 9.9996120E-001 1.0000000E+000 3.8815429E-005 4.9996120E-001
     4.9998060E-001 3.8815428E-002
 8.0000004E-003 9.9996209E-001 1.0000000E+000 3.7889571E-005 4.9996212E-001
     4.9998105E-001 3.7889574E-002
 8.0199996E-003 9.9996293E-001 1.0000000E+000 3.7070855E-005 4.9996293E-001
     4.9998146E-001 3.7070852E-002
 8.0399998E-003 9.9996364E-001 1.0000000E+000 3.6351943E-005 4.9996364E-001
     4.9998182E-001 3.6351942E-002
 8.0599999E-003 9.9996430E-001 1.0000000E+000 3.5725508E-005 4.9996427E-001
     4.9998215E-001 3.5725508E-002
 8.0800001E-003 9.9996483E-001 1.0000000E+000 3.5184225E-005 4.9996480E-001
     4.9998242E-001 3.5184223E-002
 8.1000002E-003 9.9996525E-001 1.0000000E+000 3.4720757E-005 4.9996528E-001
     4.9998263E-001 3.4720760E-002
 8.1200004E-003 9.9996567E-001 1.0000000E+000 3.4327782E-005 4.9996567E-001
     4.9998283E-001 3.4327783E-002
 8.1399996E-003 9.9996603E-001 1.0000000E+000 3.3997963E-005 4.9996600E-001
     4.9998301E-001 3.3997964E-002
 8.1599997E-003 9.9996626E-001 1.0000000E+000 3.3723976E-005 4.9996626E-001
     4.9998313E-001 3.3723976E-002
 8.1799999E-003 9.9996650E-001 1.0000000E+000 3.3498487E-005 4.9996650E-001
     4.9998325E-001 3.3498488E-002
 8.2000000E-003 9.9996668E-001 1.0000000E+000 3.3314169E-005 4.9996668E-001
     4.9998334E-001 3.3314168E-002
 8.2200002E-003 9.9996686E-001 1.0000000E+000 3.3163691E-005 4.9996683E-001
     4.9998343E-001 3.3163689E-002
 8.2400003E-003 9.9996698E-001 1.0000000E+000 3.3039723E-005 4.9996695E-001
     4.9998349E-001 3.3039723E-002
 8.2599996E-003 9.9996704E-001 1.0000000E+000 3.2934939E-005 4.9996707E-001
     4.9998352E-001 3.2934938E-002
 8.2799997E-003 9.9996716E-001 1.0000000E+000 3.2842003E-005 4.9996716E-001
     4.9998358E-001 3.2842003E-002
 8.2999999E-003 9.9996722E-001 1.0000000E+000 3.2753593E-005 4.9996725E-001
     4.9998361E-001 3.2753590E-002
 8.3200000E-003 9.9996734E-001 1.0000000E+000 3.2662370E-005 4.9996734E-001
     4.9998367E-001 3.2662373E-002
 8.3400002E-003 9.9996746E-001 1.0000000E+000 3.2561013E-005 4.9996743E-001
     4.9998373E-001 3.2561015E-002
 8.3600003E-003 9.9996758E-001 1.0000000E+000 3.2442189E-005 4.9996755E-001
     4.9998379E-001 3.2442190E-002
 8.3799995E-003 9.9996769E-001 1.0000000E+000 3.2298565E-005 4.9996769E-001
     4.9998385E-001 3.2298569E-002
 8.3999997E-003 9.9996787E-001 1.0000000E+000 3.2122818E-005 4.9996787E-001
     4.9998394E-001 3.2122817E-002
 8.4199999E-003 9.9996811E-001 1.0000000E+000 3.1907613E-005 4.9996808E-001
     4.9998406E-001 3.1907614E-002
 8.4400000E-003 9.9996835E-001 1.0000000E+000 3.1645624E-005 4.9996835E-001
     4.9998417E-001 3.1645622E-002
 8.4600002E-003 9.9996865E-001 1.0000000E+000 3.1329517E-005 4.9996868E-001
     4.9998432E-001 3.1329516E-002
 8.4800003E-003 9.9996907E-001 1.0000000E+000 3.0951964E-005 4.9996904E-001
     4.9998453E-001 3.0951966E-002
 8.5000005E-003 9.9996948E-001 1.0000000E+000 3.0505638E-005 4.9996948E-001
     4.9998474E-001 3.0505639E-002
 8.5199997E-003 9.9997002E-001 1.0000000E+000 2.9983208E-005 4.9997002E-001
     4.9998501E-001 2.9983208E-002
 8.5399998E-003 9.9997061E-001 1.0000000E+000 2.9377341E-005 4.9997061E-001
     4.9998531E-001 2.9377341E-002
 8.5600000E-003 9.9997079E-001 1.0000000E+000 2.9226609E-005 4.9997076E-001
     4.9998540E-001 2.9226609E-002
 8.5800001E-003 9.9997038E-001 1.0000000E+000 2.9613811E-005 4.9997038E-001
     4.9998519E-001 2.9613812E-002
 8.6000003E-003 9.9997002E-001 1.0000000E+000 3.0010528E-005 4.9996999E-001
     4.9998501E-001 3.0010527E-002
 8.6200004E-003 9.9996960E-001 1.0000000E+000 3.0413416E-005 4.9996960E-001
     4.9998480E-001 3.0413417E-002
 8.6399997E-003 9.9996918E-001 1.0000000E+000 3.0819137E-005 4.9996918E-001
     4.9998459E-001 3.0819139E-002
 8.6599998E-003 9.9996877E-001 1.0000000E+000 3.1224354E-005 4.9996877E-001
     4.9998438E-001 3.1224355E-002
 8.6800000E-003 9.9996835E-001 1.0000000E+000 3.1625725E-005 4.9996838E-001
     4.9998417E-001 3.1625725E-002
 8.7000001E-003 9.9996799E-001 1.0000000E+000 3.2019914E-005 4.9996799E-001
     4.9998400E-001 3.2019913E-002
 8.7200003E-003 9.9996758E-001 1.0000000E+000 3.2403575E-005 4.9996760E-001
     4.9998379E-001 3.2403577E-002
 8.7400004E-003 9.9996722E-001 1.0000000E+000 3.2773376E-005 4.9996722E-001
     4.9998361E-001 3.2773376E-002
 8.7599996E-003 9.9996686E-001 1.0000000E+000 3.3125973E-005 4.9996686E-001
     4.9998343E-001 3.3125971E-002
 8.7799998E-003 9.9996656E-001 1.0000000E+000 3.3458025E-005 4.9996653E-001
     4.9998328E-001 3.3458028E-002
 8.8000000E-003 9.9996620E-001 1.0000000E+000 3.3766202E-005 4.9996623E-001
     4.9998310E-001 3.3766199E-002
 8.8200001E-003 9.9996597E-001 1.0000000E+000 3.4047152E-005 4.9996597E-001
     4.9998298E-001 3.4047153E-002
 8.8400003E-003 9.9996573E-001 1.0000000E+000 3.4297547E-005 4.9996570E-001
     4.9998286E-001 3.4297545E-002
 8.8600004E-003 9.9996549E-001 1.0000000E+000 3.4514040E-005 4.9996549E-001
     4.9998274E-001 3.4514040E-002
 8.8799996E-003 9.9996531E-001 1.0000000E+000 3.4693294E-005 4.9996531E-001
     4.9998266E-001 3.4693293E-002
 8.8999998E-003 9.9996519E-001 1.0000000E+000 3.4831970E-005 4.9996516E-001
     4.9998260E-001 3.4831971E-002
 8.9199999E-003 9.9996507E-001 1.0000000E+000 3.4926728E-005 4.9996507E-001
     4.9998254E-001 3.4926727E-002
 8.9400001E-003 9.9996501E-001 1.0000000E+000 3.4974229E-005 4.9996501E-001
     4.9998251E-001 3.4974232E-002
 8.9600002E-003 9.9996501E-001 1.0000000E+000 3.4971137E-005 4.9996504E-001
     4.9998251E-001 3.4971137E-002
 8.9800004E-003 9.9996507E-001 1.0000000E+000 3.4914108E-005 4.9996507E-001
     4.9998254E-001 3.4914106E-002
 8.9999996E-003 9.9996519E-001 1.0000000E+000 3.4799803E-005 4.9996519E-001
     4.9998260E-001 3.4799803E-002
 9.0199998E-003 9.9996537E-001 1.0000000E+000 3.4624882E-005 4.9996537E-001
     4.9998268E-001 3.4624882E-002
 9.0399999E-003 9.9996561E-001 1.0000000E+000 3.4386008E-005 4.9996561E-001
     4.9998280E-001 3.4386009E-002
 9.0600001E-003 9.9996591E-001 1.0000000E+000 3.4079843E-005 4.9996591E-001
     4.9998295E-001 3.4079842E-002
 9.0800002E-003 9.9996632E-001 1.0000000E+000 3.3703043E-005 4.9996629E-001
     4.9998316E-001 3.3703044E-002
 9.1000004E-003 9.9996674E-001 1.0000000E+000 3.3252272E-005 4.9996674E-001
     4.9998337E-001 3.3252273E-002
 9.1199996E-003 9.9996728E-001 1.0000000E+000 3.2724191E-005 4.9996728E-001
     4.9998364E-001 3.2724191E-002
 9.1399997E-003 9.9996787E-001 1.0000000E+000 3.2115458E-005 4.9996787E-001
     4.9998394E-001 3.2115459E-002
 9.1599999E-003 9.9996859E-001 1.0000000E+000 3.1422736E-005 4.9996859E-001
     4.9998429E-001 3.1422738E-002
 9.1800001E-003 9.9996936E-001 1.0000000E+000 3.0642685E-005 4.9996936E-001
     4.9998468E-001 3.0642686E-002
 9.2000002E-003 9.9997026E-001 1.0000000E+000 2.9771965E-005 4.9997023E-001
     4.9998513E-001 2.9771965E-002
 9.2200004E-003 9.9997061E-001 1.0000000E+000 2.9369716E-005 4.9997064E-001
     4.9998531E-001 2.9369716E-002
 9.2399996E-003 9.9997085E-001 1.0000000E+000 2.9152237E-005 4.9997085E-001
     4.9998543E-001 2.9152237E-002
 9.2599997E-003 9.9997109E-001 1.0000000E+000 2.8921577E-005 4.9997109E-001
     4.9998555E-001 2.8921578E-002
 9.2799999E-003 9.9997133E-001 1.0000000E+000 2.8677736E-005 4.9997133E-001
     4.9998567E-001 2.8677737E-002
 9.3000000E-003 9.9997157E-001 1.0000000E+000 2.8420714E-005 4.9997157E-001
     4.9998578E-001 2.8420715E-002
 9.3200002E-003 9.9997187E-001 1.0000000E+000 2.8150511E-005 4.9997184E-001
     4.9998593E-001 2.8150510E-002
 9.3400003E-003 9.9997211E-001 1.0000000E+000 2.7867125E-005 4.9997213E-001
     4.9998605E-001 2.7867125E-002
 9.3599996E-003 9.9997240E-001 1.0000000E+000 2.7570559E-005 4.9997243E-001
     4.9998620E-001 2.7570559E-002
 9.3799997E-003 9.9997276E-001 1.0000000E+000 2.7260810E-005 4.9997273E-001
     4.9998638E-001 2.7260810E-002
 9.3999999E-003 9.9997306E-001 1.0000000E+000 2.6937882E-005 4.9997306E-001
     4.9998653E-001 2.6937881E-002
 9.4200000E-003 9.9997342E-001 1.0000000E+000 2.6601771E-005 4.9997339E-001
     4.9998671E-001 2.6601771E-002
 9.4400002E-003 9.9997377E-001 1.0000000E+000 2.6252479E-005 4.9997374E-001
     4.9998689E-001 2.6252478E-002
 9.4600003E-003 9.9997413E-001 1.0000000E+000 2.5890005E-005 4.9997410E-001
     4.9998707E-001 2.5890006E-002
 9.4799995E-003 9.9997449E-001 1.0000000E+000 2.5514351E-005 4.9997449E-001
     4.9998724E-001 2.5514351E-002
 9.4999997E-003 9.9997485E-001 1.0000000E+000 2.5125515E-005 4.9997488E-001
     4.9998742E-001 2.5125515E-002
 9.5199998E-003 9.9997526E-001 1.0000000E+000 2.4723497E-005 4.9997526E-001
     4.9998763E-001 2.4723498E-002
 9.5400000E-003 9.9997568E-001 1.0000000E+000 2.4308298E-005 4.9997568E-001
     4.9998784E-001 2.4308298E-002
 9.5600002E-003 9.9997610E-001 1.0000000E+000 2.3879918E-005 4.9997613E-001
     4.9998805E-001 2.3879917E-002
 9.5800003E-003 9.9997658E-001 1.0000000E+000 2.3438357E-005 4.9997658E-001
     4.9998829E-001 2.3438357E-002
 9.6000005E-003 9.9997699E-001 1.0000000E+000 2.2983613E-005 4.9997702E-001
     4.9998850E-001 2.2983614E-002
 9.6199997E-003 9.9997747E-001 1.0000000E+000 2.2515689E-005 4.9997750E-001
     4.9998873E-001 2.2515690E-002
 9.6399998E-003 9.9997795E-001 1.0000000E+000 2.2034583E-005 4.9997798E-001
     4.9998897E-001 2.2034584E-002
 9.6600000E-003 9.9997848E-001 1.0000000E+000 2.1540296E-005 4.9997845E-001
     4.9998924E-001 2.1540297E-002
 9.6800001E-003 9.9997896E-001 1.0000000E+000 2.1032827E-005 4.9997896E-001
     4.9998948E-001 2.1032827E-002
 9.7000003E-003 9.9997950E-001 1.0000000E+000 2.0512178E-005 4.9997950E-001
     4.9998975E-001 2.0512179E-002
 9.7200004E-003 9.9998003E-001 1.0000000E+000 1.9978346E-005 4.9998003E-001
     4.9999002E-001 1.9978346E-002
 9.7399997E-003 9.9998057E-001 1.0000000E+000 1.9431334E-005 4.9998057E-001
     4.9999028E-001 1.9431334E-002
 9.7599998E-003 9.9998111E-001 1.0000000E+000 1.8871140E-005 4.9998114E-001
     4.9999055E-001 1.8871140E-002
 9.7800000E-003 9.9998170E-001 1.0000000E+000 1.8297764E-005 4.9998170E-001
     4.9999085E-001 1.8297765E-002
 9.8000001E-003 9.9998230E-001 1.0000000E+000 1.7711207E-005 4.9998230E-001
     4.9999115E-001 1.7711207E-002
 9.8200003E-003 9.9998289E-001 1.0000000E+000 1.7111470E-005 4.9998289E-001
     4.9999145E-001 1.7111469E-002
 9.8400004E-003 9.9998349E-001 1.0000000E+000 1.6498550E-005 4.9998349E-001
     4.9999174E-001 1.6498551E-002
 9.8599996E-003 9.9998415E-001 1.0000000E+000 1.5872449E-005 4.9998412E-001
     4.9999207E-001 1.5872449E-002
 9.8799998E-003 9.9998462E-001 1.0000000E+000 1.5371255E-005 4.9998462E-001
     4.9999231E-001 1.5371256E-002
 9.8999999E-003 9.9998510E-001 1.0000000E+000 1.4875408E-005 4.9998513E-001
     4.9999255E-001 1.4875408E-002
 9.9200001E-003 9.9998564E-001 1.0000000E+000 1.4379561E-005 4.9998564E-001
     4.9999282E-001 1.4379562E-002
 9.9400003E-003 9.9998611E-001 1.0000000E+000 1.3883715E-005 4.9998611E-001
     4.9999306E-001 1.3883715E-002
 9.9600004E-003 9.9998659E-001 1.0000000E+000 1.3387868E-005 4.9998662E-001
     4.9999329E-001 1.3387867E-002
 9.9799996E-003 9.9998713E-001 1.0000000E+000 1.2892021E-005 4.9998710E-001
     4.9999356E-001 1.2892021E-002
 9.9999998E-003 9.9998760E-001 1.0000000E+000 1.2396174E-005 4.9998760E-001
     4.9999380E-001 1.2396174E-002
 9.9999998E-003 9.9998760E-001 1.0000000E+000 1.2396174E-005 4.9998760E-001
     4.9999380E-001 1.2396174E-002

